time,x,y,z,phi,theta,psi,x_velocity,y_velocity,z_velocity,phi_velocity,theta_velocity,psi_velocity,rotor_speed1,rotor_speed2,rotor_speed3,rotor_speed4
0.06,8.077696722303142e-08,8.589807918517194e-07,10.004399331750983,0.0006182117878088533,6.283054069028504,0.0,9.399157627604086e-06,6.819975980352483e-05,0.1466360949115017,0.02549448181020176,-0.006966702323345857,0.0,451.68976181428235,451.12772699683757,450.4710532475066,452.527488259967
0.12000000000000001,4.859455772695478e-06,2.273932330102421e-05,10.015358291612912,0.0020003283395126914,6.2823630353175215,0.0,0.00020214422097431358,0.0008041268729176397,0.2186507529879236,0.01759782080104097,-0.022674101671885376,0.0,428.649198659891,427.31262416145034,428.2753397154424,427.60335067429116
0.18,4.030523694331809e-05,0.00011907928249447951,10.032681324818167,0.0031498350914445084,6.28116821749429,0.0,0.001116721740980895,0.0025263471960620875,0.3587489589037438,0.022109812918814403,-0.014897143255686418,0.0,449.1387450098691,449.7689611622041,449.3862639746821,449.7517412426495
0.23999999999999996,0.00014745795727287382,0.00033358074317803825,10.055075988566934,0.004490316658351645,6.280574893609767,0.0,0.002521655513748647,0.004745678460822684,0.38772958491456627,0.022800426610539607,-0.0013918847785335496,0.0,413.78242603641746,414.9695470796444,413.39357023301744,413.4544769362183
0.3,0.00035868289267576315,0.0007264787194851546,10.083479761045346,0.005466110320890394,6.2804074017573335,0.0,0.004532942344874327,0.008488223979361383,0.558993431444299,-0.001891235358377279,-0.005749245852591904,0.0,459.99344072298976,459.6483644110393,459.4419078102536,457.48029272273504
0.36000000000000004,0.0006722841724385002,0.0013161128670516984,10.114090019956963,0.005555090009278452,6.280364103871481,0.0,0.005933569337363909,0.011166132423494459,0.46139427914622994,0.00749732217594909,0.007803497516643363,0.0,368.6069318051703,369.9436501574956,368.75864893642876,369.6847504938572
0.4200000000000001,0.0010964889932444531,0.0021263458936402447,10.149012283551047,0.005768636792494952,6.280628522588021,0.0,0.008159945478806933,0.015883541666363115,0.702563824427177,-0.005788954128115044,-0.003439985506217608,0.0,480.13887112809203,479.2851651086037,480.52750969818567,479.5193818034389
0.48000000000000015,0.0016420064975147576,0.0032027505578797128,10.195152803656459,0.005309210234313966,6.280654004861406,0.0,0.010032397814251911,0.019953296325889297,0.835365613565341,-0.011683012313179818,0.007209528879043086,0.0,446.8527465221649,447.71991458253166,448.3850156326201,447.90610660162724
0.5400000000000001,0.0023065835160782726,0.004532808342889357,10.25318223596063,0.0040829545292693226,6.281118785382098,0.0,0.012062992240988632,0.0242750806540234,1.0987339844214774,-0.05049987197154062,0.008798947800035366,0.0,486.81835582957865,486.9371351294506,488.004009499392,485.0981377747709
0.6000000000000002,0.0030835249266487758,0.006084115927380669,10.328402722357328,0.0008356549026524718,6.2815185595886796,0.0,0.013772188056546673,0.02701811449067039,1.4082884805455562,-0.06257776401000471,0.002006098444507931,0.0,500.5137653777636,500.01909654222294,500.5435953954219,499.66233000948836
0.6600000000000003,0.003946376586632742,0.0077083451906537325,10.417434049280244,6.279850946441858,6.281281229337052,0.0,0.014991245130039044,0.026695276001797427,1.5592286392261219,-0.08927517754462364,-0.019865893552070003,0.0,456.5727257651149,454.824588517737,454.80971089117895,452.66272371598006
0.7200000000000003,0.004892218506936669,0.009216527059110432,10.515109666558851,6.275042241559797,6.2798750422468,0.0,0.016674790789339134,0.023036578708268102,1.6964288761353643,-0.0662952514534146,-0.03175443620915152,0.0,451.4007923539849,450.440411792302,449.99862795393017,451.8495158787879
0.7800000000000004,0.0059755361105969015,0.010397611298267575,10.621908694510012,6.2712934321302995,6.2781656350047825,0.0,0.0196363056394928,0.01590396526470101,1.863277162298916,-0.05577544765480084,-0.022652800700693934,0.0,458.9955764672481,459.7170666520777,461.0185923292893,461.84628711206267
0.8400000000000004,0.007303196308080875,0.010996711941586388,10.744419947714226,6.267831736701497,6.276875834970891,0.0,0.024800974320142766,0.0035979591175515097,2.219803132714734,-0.0618385566777872,-0.019279430671587872,0.0,513.670988038059,513.9101981431938,516.5184980317052,516.088956076089
0.9000000000000005,0.008927729532579575,0.010876806940557659,10.880882406657776,6.264193767723462,6.275822479268957,0.0,0.02946268339146675,-0.007970754229046053,2.328722839677768,-0.058325247004613695,-0.014314553977537142,0.0,444.16547255584265,444.57251714605894,444.48564299878467,444.7708484237855
0.9600000000000005,0.01084466524982561,0.010009274042236383,11.022768214697658,6.2607828116401585,6.274854209619184,0.0,0.034523169047348076,-0.021281917222248203,2.400647929975575,-0.054050757597284116,-0.020059175082642013,0.0,433.9676760464358,433.4853059221438,432.5779118893296,432.93538506817225
1.0200000000000005,0.013080465732008148,0.008288959918226792,11.168420633171849,6.257140215699513,6.274083132515987,0.0,0.04009370036844188,-0.036381616807889254,2.454309958740758,-0.07935720449845221,-0.0013521794602895758,0.0,427.3026179080193,428.8944293030542,428.3301595545579,426.1695685614154
1.0800000000000005,0.01566214546359253,0.005586145225701675,11.317321156244343,6.2521996398613595,6.273935462686675,0.0,0.045971973711957895,-0.05417036052936161,2.508908802970746,-0.08910143322040877,-0.004777035451453604,0.0,429.16527136682794,428.8745333728876,427.90849992928423,427.07234988314315
1.1400000000000006,0.018608078519189216,0.0016902917002349308,11.470379051866129,6.246659668755809,6.27316232217748,0.0,0.052267257479678364,-0.07622655663638506,2.5928149781028007,-0.09973227395394971,-0.03868049095359194,0.0,439.189102001212,436.3681036908483,438.62686899670393,437.73573933445243
1.2000000000000006,0.021949848731886667,-0.003623989726095171,11.627960841892001,6.240603188055687,6.270844446722647,0.0,0.05934881006658525,-0.10149455821151057,2.6597308761884886,-0.10347414781113734,-0.03853299712602355,0.0,433.28411576199835,433.2957406226062,432.8677366594626,432.54361470756425
1.2600000000000007,0.025823935966445877,-0.01078547663112167,11.794385266486728,6.233921692623179,6.268452863673344,0.0,0.07006463329279439,-0.13796550693927095,2.8871627073529256,-0.1358317295371893,-0.042653972054147914,0.0,482.61267414806514,482.3008600790937,483.39546750014074,480.9403759683449
1.3200000000000007,0.0303774224620513,-0.020231403050453182,11.9729410275713,6.225453711313918,6.266173906997137,0.0,0.08198427213612602,-0.17781348403672959,3.064180484400845,-0.15468199569940513,-0.029980453738674435,0.0,467.9728910232186,468.95770026352676,469.725361634489,468.243552340975
1.3800000000000008,0.035684228506521226,-0.0322282237695401,12.161444771040768,6.215967504172614,6.264160358297662,0.0,0.09511057698864034,-0.22308613026202484,3.21878138986008,-0.1660048025304627,-0.0418985596385522,0.0,463.19154749953856,462.25288224024416,463.8918754160758,462.9791769623308
1.4400000000000008,0.041893277348264084,-0.047392392937851045,12.362635740573962,6.2061559600866865,6.261751169712941,0.0,0.11215483708087218,-0.28358395416818405,3.4867006312494073,-0.15898464926006495,-0.03687359249939598,0.0,497.0320136767693,497.3995061307305,496.75929214787607,497.25138791103
1.5000000000000009,0.04903514607670121,-0.06589548943328971,12.573026346216354,6.196682127322312,6.2590022687496045,0.0,0.12612319264694422,-0.3340592011098472,3.5261090129461365,-0.15580916098849792,-0.07732248415530243,0.0,431.7849144233104,428.3569113454904,429.6080590176582,429.8526659878588
1.560000000000001,0.05707467178174845,-0.08760029606260397,12.785716399939194,6.187605488481198,6.254439900383975,0.0,0.1422857608853762,-0.39027461723020634,3.5633384149118177,-0.1434888972258429,-0.07359094793644295,0.0,429.4923503033459,429.80395275471824,429.1804925432619,430.20243321242265
1.620000000000001,0.06618625563496851,-0.11290206456324677,13.001197911810594,6.1790150293161545,6.25013693999051,0.0,0.1618455905741525,-0.45391840363389274,3.619087073144218,-0.14255319947828773,-0.06820943036618717,0.0,436.2898119736632,436.73484509222203,435.7826571875831,435.84130330467354
1.680000000000001,0.07668543051990337,-0.1426000503353527,13.223884063977732,6.1702193186399,6.246393798247915,0.0,0.18855388263880835,-0.5369375980865968,3.8030370858205282,-0.15622592930216705,-0.05273778119447458,0.0,476.063985013245,477.24379671011593,476.41819985284695,475.3528463403871
1.740000000000001,0.08898804842638913,-0.17784724300818963,13.460714501913975,6.160959223869099,6.2426728662322795,0.0,0.22192276096478458,-0.6390569929368451,4.090127150463219,-0.15080259480602545,-0.09655897587578366,0.0,508.9781556711248,505.8291717263383,506.95578446942477,507.3260486313166
1.8000000000000012,0.10305588021444136,-0.2184263126617347,13.70641341891087,6.152429179846177,6.2369342821300755,0.0,0.24751655045662865,-0.7143435643035139,4.099639747860252,-0.12890884403257863,-0.09387275084752142,0.0,425.27193409641075,425.4937422451813,425.4175517997133,427.2681209051216
1.8600000000000012,0.11887781122658073,-0.2639938823912855,13.955082326330366,6.144675895798528,6.231717195151255,0.0,0.2804095554827275,-0.8053022178934831,4.188815381080095,-0.12985328140478525,-0.07582998305501804,0.0,450.7809896480823,452.2304736381751,452.37312586283844,452.28209970232336
1.9200000000000013,0.1367123180180652,-0.31500550211882067,14.20785927295643,6.136414870267416,6.227334675603807,0.0,0.3144858725647724,-0.8958013963204513,4.236715610924755,-0.16185330864055447,-0.0679821767483311,0.0,438.8708862885411,439.51760856627624,441.981696247726,439.31749626066494
1.9800000000000013,0.15670642002139568,-0.371694921545358,14.464040080023775,6.127248208413903,6.2230949574106305,0.0,0.3523722769827434,-0.9947098349440225,4.302164606936186,-0.13899876685470264,-0.0766436199498651,0.0,446.7245972869836,446.0138665026039,445.43193850231336,447.27487491838
2.0400000000000014,0.17917803545971972,-0.4348007301529879,14.72604175838233,6.11875886006418,6.218943740067635,0.0,0.39711201157827586,-1.1096199595487335,4.4304713486845815,-0.14699672453111196,-0.057374567264804305,0.0,465.38252908644483,466.8849388881786,467.98348182336383,467.34285827826653
2.1000000000000014,0.20429146859135694,-0.5046585643466911,14.993753950404521,6.110414050520355,6.215012898149391,0.0,0.44032990166618896,-1.2197462540680633,4.492763607402039,-0.1266967596302608,-0.09146689038627427,0.0,449.65424148333136,446.8799265121791,446.86614077745025,448.49992808569203
2.1600000000000015,0.2322824685259159,-0.5817805847280265,15.26799871969453,6.103580305165389,6.209359118850292,0.0,0.49327245958539645,-1.3516475951858546,4.647802044344375,-0.09610945708603982,-0.10041850716850637,0.0,477.5084816566672,476.8181399589646,476.828626640516,479.148692420883
2.2200000000000015,0.2633297341502155,-0.6663638345450114,15.548227232587923,6.098243056626647,6.203322160205602,0.0,0.5421877754738103,-1.4682654280999226,4.692704328420914,-0.07752917621563503,-0.10101354997305143,0.0,445.86747755084735,445.81014596158576,444.2742032215301,445.78846378982956
2.2800000000000016,0.29739045822553367,-0.7579578990570223,15.830663171407426,6.09325314716682,6.197489620479594,0.0,0.5937009129817286,-1.5852737845783784,4.721451151764171,-0.09787921959219167,-0.09052250146790672,0.0,441.0441036721888,441.901638706115,441.7295604758051,440.042055513474
2.3400000000000016,0.33447897374291363,-0.85629842108892,16.112866334763595,6.087522916112686,6.191913286489649,0.0,0.6430420048095651,-1.6932378809203554,4.685208476028491,-0.09113552132615238,-0.09826778666240653,0.0,420.6172137981438,419.9379260935931,420.34073153575855,420.9164746859552
2.4000000000000017,0.37534845117670207,-0.9627438906121735,16.400546155403614,6.0817291226546395,6.185832402352361,0.0,0.7198948602837538,-1.8554046254972567,4.902803074652356,-0.11054955659057153,-0.10835038481957887,0.0,500.71470308053426,499.9728906006675,500.0075363346538,498.58396910114305
2.4600000000000017,0.42025930931329125,-1.077595473755522,16.69408026333398,6.076120018886488,6.179178317250088,0.0,0.7776889929307005,-1.9734899547678162,4.881433048914304,-0.07185404310459602,-0.11656024522693291,0.0,429.0469318827445,428.33777823403057,426.9374928876697,430.2182715251434
2.520000000000002,0.468903172902961,-1.1999158704785637,16.987675754830676,6.071432596713835,6.172101437022718,0.0,0.8443922592278305,-2.1042240841220017,4.90464123445369,-0.09519243564344765,-0.12087597540740455,0.0,444.27061956379083,443.9040461851696,444.56616154402496,442.64427574792415
2.580000000000002,0.5218709330617612,-1.3305282358354262,17.284260024456216,6.065817278433709,6.1644847275291585,0.0,0.9218782112329746,-2.249981135086992,4.980736628536532,-0.09056199831203815,-0.14323332552954085,0.0,462.21116203201194,460.4310917193642,461.8991596667302,462.25718671764974
2.640000000000002,0.5792398609788261,-1.469271313715588,17.582074852944523,6.06038795421075,6.156548261664398,0.0,0.9911010750531727,-2.3752501657562095,4.946183052980942,-0.09034271987124823,-0.11638388757253547,0.0,426.4730694164203,428.7432548359086,427.18057998986785,427.19206173519405
2.700000000000002,0.6410467039154312,-1.6158929026042386,17.87894767599713,6.054992987274909,6.149447046693837,0.0,1.069723921968552,-2.5125876576524293,4.949135354538446,-0.08907685861240018,-0.12261224321062629,0.0,440.4331300695616,439.9048425597001,440.722666427774,440.8204670756973
2.760000000000002,0.7075104793086631,-1.770539573045143,18.174595059316868,6.0497047929347545,6.1422767305574215,0.0,1.146327736808083,-2.6427609465747386,4.905547261163891,-0.08632058595713642,-0.11392576718705977,0.0,425.8859516319886,426.6148402174548,425.38826801774474,425.61743838101665
2.820000000000002,0.7789696840056385,-1.933546584640885,18.469499783110443,6.0452835627584065,6.1354930582506775,0.0,1.2362183126913737,-2.791192562496909,4.924057182684648,-0.05606200193301151,-0.11138732604750903,0.0,446.9912586634976,447.18682741714207,445.90111089240503,448.362009996513
2.880000000000002,0.8562973938502041,-2.1060949652395307,18.767742064100183,6.0425404113497905,6.128987429959915,0.0,1.3419373428254024,-2.9606017760072514,5.016441148337596,-0.030488960827624437,-0.10308586802957237,0.0,471.31534837613265,471.94696955982744,470.80862926933725,472.78213768717285
2.940000000000002,0.9397227530904841,-2.2882941588821955,19.069144256035383,6.040719527513154,6.122231186183139,0.0,1.439421678526985,-3.1128528100454056,5.029810353730061,-0.030067797829788936,-0.1497798991137242,0.0,450.44524437412485,446.6397624253073,448.4632009181164,448.4971255498088
3.000000000000002,1.0299046380856944,-2.4808085566212053,19.37589161412719,6.038652604544826,6.113506406696809,0.0,1.5674560129464117,-3.304282270461409,5.193721664656756,-0.04508865883982441,-0.1378706208504708,0.0,496.0498971969631,496.90636191047037,496.6085396045482,495.5049413978627
3.0600000000000023,1.1268257666618304,-2.683269666271678,19.686019880714372,6.036188056037872,6.105704841522208,0.0,1.663886460185182,-3.444687329647142,5.14363861669229,-0.0340648484644276,-0.11773139098028063,0.0,431.62301125890025,433.30338571216316,430.101550815903,431.03340926218
3.1200000000000023,1.2294939978300479,-2.8939895148812917,19.992235552788554,6.034009998137304,6.099423196271589,0.0,1.758904003669699,-3.5795815228031915,5.06348478380612,-0.041195845092417624,-0.08667495406304784,0.0,419.7532741281568,422.42953895668427,422.6068482411268,421.9909179207864
3.1800000000000024,1.3387818683776027,-3.1139509016562963,20.297901814567407,6.031379951927365,6.09401776690509,0.0,1.8844027478549514,-3.7526355137298757,5.124531665378961,-0.049713538014654245,-0.0979815407488086,0.0,468.92546264791514,468.03975589029295,469.0154831943244,468.3523612119259
3.2400000000000024,1.4556273784973504,-3.3442649847289503,20.60678928705162,6.028307075433869,6.088118674629266,0.0,2.010875050329135,-3.9247233977493736,5.170875540611696,-0.054398534714436314,-0.09899964116605826,0.0,465.70077185184203,465.6133014504677,466.1395518774819,465.7716726459136
3.3000000000000025,1.5794117044621059,-3.5840158370722617,20.914703587178316,6.024782054315541,6.082128665062196,0.0,2.1157193096180653,-4.067346068665137,5.092767526832257,-0.06930011108514236,-0.10155421752450858,0.0,426.8595362098627,426.6323820555321,426.7500291876468,425.47318169277565
3.3600000000000025,1.7100775455458552,-3.833029620649877,21.220252196627342,6.020293164760602,6.076575246345577,0.0,2.2402135183912195,-4.233486000167178,5.09151643851872,-0.08910528694710597,-0.0788640915003569,0.0,451.3174678380738,453.1381897803684,454.1488878776916,452.5527506162928
3.4200000000000026,1.8483531394223676,-4.092177506487127,21.52589677227255,6.014424404269727,6.071592635654465,0.0,2.3692746939810703,-4.405242643449645,5.095875458307133,-0.12747577263069254,-0.0930803858856751,0.0,457.0781572648931,455.9380106048919,457.28677792689894,454.21042099114857
3.4800000000000026,1.9942311517322284,-4.361482842556043,21.830720036096555,6.006438605635488,6.066519694903018,0.0,2.493666414185626,-4.5722554587547135,5.064217976146509,-0.14774826149084128,-0.07140952321565536,0.0,444.60968114773016,446.3759793623013,447.43653576084563,445.7660867029932
3.5400000000000027,2.1476709623735806,-4.640995041210503,22.133667902807183,5.997516207973121,6.062268463269055,0.0,2.621229106945037,-4.745554551413355,5.033293593353325,-0.15069321359440888,-0.06976564409014446,0.0,447.7063834517726,447.83634329904703,448.1056964358655,447.8455968833555
3.6000000000000028,2.3085159350627755,-4.930684249882313,22.433351511994676,5.988520269760972,6.057892103951877,0.0,2.7405255374579554,-4.9115150891109565,4.955651244113876,-0.14845412186505347,-0.08018799091502608,0.0,433.63298347193427,432.75202678917884,434.12819210582416,434.2943640846446
3.660000000000003,2.477011431278617,-5.231040543818764,22.730091422302515,5.97956974679219,6.052993456034411,0.0,2.8762456153772096,-5.101084825219777,4.934747889176679,-0.15065651160065643,-0.08472611998895578,0.0,454.6544048705966,454.2853331337053,453.99617775958023,453.7989885803201
3.720000000000003,2.6539068092337064,-5.543178379031463,23.026214571686467,5.970926334989969,6.047976120689626,0.0,3.0205096448447812,-5.304203652282582,4.934895473404594,-0.13336344168657416,-0.08150252011265939,0.0,462.71445149618677,462.96281178633296,462.962075817727,464.3023946024982
3.780000000000003,2.838968944500673,-5.86695068343538,23.319999994312283,5.962933538242645,6.0430437737191305,0.0,3.148503095066225,-5.488899589566826,4.857316914289322,-0.13291495766807088,-0.08364981601469113,0.0,439.2127147837534,439.0289664181041,440.026488708948,440.0470963135405
3.840000000000003,3.0308677068603775,-6.200789700997992,23.605533533081235,5.9551434824737655,6.038405317282336,0.0,3.248473381671814,-5.63986498549026,4.660577370929853,-0.12429782727455456,-0.0669531321934205,0.0,396.62687415935636,398.15219319286547,397.6554455036155,398.4266328689135
3.900000000000003,3.230959756255796,-6.5465966947911,23.887324936188346,5.947380522187807,6.034724327457887,0.0,3.4212734273316245,-5.887569500919705,4.730811612991351,-0.14221484475455134,-0.052008831089413336,0.0,489.58552490636794,490.69403809217897,489.85911717062606,488.510766580144
3.960000000000003,3.439950690365822,-6.9054753369135895,24.16756037945093,5.93873414952289,6.0313863593835,0.0,3.545230509186197,-6.075840526996709,4.60989004978393,-0.14818079706538043,-0.06409468665639291,0.0,429.991656736066,428.964018065004,429.7243497970158,429.19795495605314
4.020000000000002,3.6571140023362267,-7.276738904560874,24.443010991145854,5.929794714107665,6.028786605974336,0.0,3.693556841312643,-6.300342888240995,4.570692464556645,-0.15065933133023462,-0.018860028476875186,0.0,458.6461482113294,462.2242188583167,457.813244681078,457.59579077857705
4.080000000000001,3.883162163008147,-7.661624152599005,24.715891360235847,5.92051086642474,6.028338450711676,0.0,3.8411737493007587,-6.529941978189435,4.524262340534098,-0.1644457537244066,0.008893615399926417,0.0,458.5042490992946,460.70457606269446,459.12361640885194,458.0061841695726
4.14,4.118249196985011,-8.060768756116046,24.98661220536784,5.910373559606157,6.028645520426876,0.0,3.9946863389501552,-6.775694938885778,4.4984871353386735,-0.1799666797367498,-0.0037707714041885143,0.0,468.55649958257493,467.57056045429294,469.41963945080914,468.18736546714564
4.199999999999998,4.360937402063059,-8.47266479506086,25.250023947456437,5.899858093781074,6.029312799763478,0.0,4.094891284949335,-6.95521335747791,4.281868307627589,-0.16720886690205186,0.030892789347950016,0.0,401.1857088159642,404.32191319041607,403.0099271279393,404.12869477021286
4.259999999999997,4.6107853241096475,-8.897229562869398,25.504592276061278,5.889984474581418,6.0312538681421834,0.0,4.23293931033451,-7.197838416848868,4.202755525289292,-0.15973550025732414,0.03511849238973344,0.0,453.0268898445356,453.3670048001643,453.70212308285153,454.27667337411765
4.319999999999996,4.868409188792296,-9.335906619710533,25.752714456358323,5.88048902656584,6.03332241007824,0.0,4.3541809513936585,-7.425680910516708,4.067356399201028,-0.1554576629349325,0.03315837528781572,0.0,436.0814757515153,435.91818062329213,435.8561333156947,436.18933219758094
4.379999999999995,5.133388926612826,-9.788679121908576,25.993126046122672,5.871126552541504,6.034932386485908,0.0,4.478110883440009,-7.667665245598326,3.94557425563701,-0.15723310698098708,0.009532713795042128,0.0,443.1293534211517,441.1825211194168,442.8664800429523,442.6972321361144
4.439999999999993,5.406822602490522,-10.257879610440007,26.2299836701223,5.8618572126045425,6.035504080456718,0.0,4.635823737169803,-7.973071635610015,3.9478641523197617,-0.14950506521928827,0.009519269392642027,0.0,487.3277779654449,487.3266401082429,485.9189606897778,486.4777646698713
4.499999999999992,5.689130123131519,-10.744763217892592,26.464867250115216,5.85241928284589,6.035846087494283,0.0,4.774031758197327,-8.257191956822604,3.8801996239259324,-0.18126281383750575,-0.0033102600106659965,0.0,467.6287336749779,466.6279011351707,469.0784104714209,466.58188391944293
4.559999999999991,5.978408085431904,-11.24679546874966,26.690918172946333,5.841675513904889,6.035477249393171,0.0,4.868505610828844,-8.478343935930296,3.654414206179981,-0.17499636176556188,-0.012529937854205902,0.0,413.8195847181654,413.007011286743,413.59802245625366,414.1161848592549
4.6199999999999894,6.2738396493532065,-11.763165855149474,26.905102479731724,5.830964743043626,6.03490800452942,0.0,4.979059340808798,-8.735032893484098,3.4841220941883257,-0.18666967064117995,-0.004007587269611226,0.0,435.32221459354827,436.0351224857558,436.4677785839495,435.4605007599798
4.679999999999988,6.575981280143235,-12.2953429895389,27.109269589849077,5.819838024594315,6.0350321598911165,0.0,5.0920895714892636,-9.005253375435608,3.3203343971335664,-0.18310611675486868,0.012069680929248372,0.0,440.6272227103574,441.95476609371235,439.906960660871,440.1683066688866
4.739999999999987,6.884686876796487,-12.843657055187155,27.302805335357608,5.808363124262673,6.036080855279048,0.0,5.197820705893101,-9.272998711712821,3.129876750343617,-0.21715858951128647,0.026547994620481467,0.0,432.6227512509654,433.84048250884246,435.29711047394744,432.3989719724506
4.799999999999986,7.199530831164646,-13.40800575722856,27.484196237843843,5.794992672196415,6.037493916205641,0.0,5.296669347187174,-9.539837853196657,2.915451464324521,-0.23769323898752429,0.01675933746258911,0.0,427.95344750410726,427.11921422755455,427.7222520070943,425.917014302214
4.859999999999984,7.520489681883686,-13.989072553161668,27.653360961891245,5.7808865537387994,6.03868051087445,0.0,5.401600173726229,-9.830236775013267,2.7219360149484757,-0.2303754845715293,0.025214802018277426,0.0,436.9318554199427,437.6364392916507,438.5225766170719,439.0743252370205
4.919999999999983,7.847485615271698,-14.587447311479677,27.809978551989637,5.767302648840911,6.040372522002103,0.0,5.497916975060179,-10.116821112700851,2.497373932098867,-0.21945259502765985,0.03358607967684378,0.0,428.82144963233037,429.5324723263307,430.17144536970153,431.0429294328489
4.979999999999982,8.180911933192268,-15.204720039547011,27.955409317098532,5.75369386396622,6.043055420090578,0.0,5.615676038544717,-10.460010113361953,2.3483135378364532,-0.24855338732845525,0.06079720263190496,0.0,460.1299928165752,462.2808800664577,462.9521162378093,460.6056538011791
5.0399999999999805,8.521230070407244,-15.84272688508565,28.09134616438393,5.739667746607722,6.047019091590576,0.0,5.727526726431146,-10.808017131919845,2.1808461123248466,-0.21412379357918082,0.07492198588949708,0.0,458.1936191280055,459.3186054670059,459.6429228972655,462.3105865374253
